grid_id,center_lat,center_lon
1,40.691831,-74.174000
2,40.616745,-73.831299
3,40.864474,-73.847422
4,40.723752,-73.976968
5,40.552659,-74.188484
6,40.600324,-74.071771
7,40.761493,-73.919694
8,40.778559,-73.923086
9,40.751035,-73.787949
10,40.678953,-73.790986
11,40.604273,-74.007488
12,40.702946,-74.015564
13,40.712038,-74.016079
14,40.624835,-74.029892
15,40.783333,-73.785972
16,40.762738,-73.773422
17,40.691507,-73.949905
18,40.867682,-73.890183
19,40.735487,-73.726655
20,40.857780,-73.885867
21,40.601429,-73.983537
22,40.612218,-73.995259
23,40.606448,-74.170887
24,40.801970,-73.965480
25,40.685634,-73.986114
26,40.630950,-73.988661
27,40.559133,-73.906908
28,40.711596,-73.808729
29,40.580922,-73.961217
30,40.603687,-73.821927
31,40.857747,-73.875476
32,40.864002,-73.864901
33,40.695798,-73.995250
34,40.700856,-73.971189
35,40.664003,-73.910258
36,40.700522,-73.917711
37,40.694994,-73.922240
38,40.694341,-73.735554
39,40.638037,-73.899735
40,40.679199,-73.995956
41,40.804334,-73.951292
42,40.818258,-73.940772
43,40.782478,-73.965554
44,40.525495,-74.233534
45,40.712459,-73.998152
46,40.849086,-73.781987
47,40.842749,-73.900316
48,40.762253,-73.989845
49,40.687967,-73.962364
50,40.766238,-73.995135
51,40.873973,-73.828264
52,40.686651,-73.996724
53,40.780912,-73.842814
54,40.687201,-74.002911
55,40.576961,-73.987943
56,40.741407,-73.858845
57,40.751819,-73.853582
58,40.841452,-73.820393
59,40.838550,-73.894986
60,40.833990,-73.885900
61,40.674469,-73.939287
62,40.666540,-73.948789
63,40.683840,-73.878173
64,40.760616,-73.739337
65,40.695338,-73.986086
66,40.702259,-73.985702
67,40.619619,-74.013801
68,40.748428,-73.999917
69,40.831417,-73.915029
70,40.763352,-73.868396
71,40.644288,-73.937966
72,40.652365,-73.922251
73,40.754109,-73.807294
74,40.801169,-73.937346
75,40.790011,-73.945750
76,40.660935,-73.876821
77,40.666559,-73.895364
78,40.844960,-73.885522
79,40.727620,-73.985937
80,40.715370,-73.936793
81,40.880935,-73.836643
82,40.739496,-73.877118
83,40.738324,-73.892173
84,40.528686,-74.187674
85,40.646116,-73.951623
86,40.602433,-73.755244
87,40.706808,-74.007496
88,40.703358,-74.011515
89,40.637900,-73.960968
90,40.742279,-73.996971
91,40.626273,-73.930097
92,40.761102,-73.828859
93,40.740676,-73.840867
94,40.858155,-73.899536
95,40.721432,-73.847669
96,40.697001,-73.871558
97,40.690787,-73.974882
98,40.734463,-73.777253
100,40.753513,-73.988787
101,40.745994,-73.711026
102,40.703546,-73.875736
105,40.688784,-74.019073
106,40.673513,-73.990647
107,40.736824,-73.984052
108,40.588403,-73.981431
109,40.551863,-74.150890
110,40.545780,-74.128342
111,40.652137,-73.990234
112,40.729506,-73.949540
113,40.732579,-73.994305
114,40.728340,-73.997380
115,40.617971,-74.087839
116,40.827013,-73.948522
117,40.594059,-73.789622
118,40.586555,-74.132979
119,40.837827,-73.926157
120,40.846668,-73.930182
121,40.728333,-73.802444
122,40.710639,-73.761137
123,40.599954,-73.964334
124,40.658248,-73.844919
125,40.726290,-74.007486
126,40.812074,-73.885538
127,40.866075,-73.919308
128,40.872379,-73.924370
129,40.757312,-73.885317
130,40.704369,-73.793980
131,40.720655,-73.776101
132,40.646985,-73.786533
133,40.640590,-73.976199
134,40.708051,-73.828712
135,40.728378,-73.821196
136,40.865264,-73.905911
137,40.740439,-73.976495
138,40.774376,-73.873629
139,40.677098,-73.744234
140,40.765484,-73.954739
141,40.766948,-73.959635
142,40.773633,-73.981532
143,40.775965,-73.987646
144,40.720889,-73.996919
145,40.745379,-73.948891
146,40.754243,-73.934829
147,40.819676,-73.898956
148,40.718938,-73.990896
149,40.604914,-73.948136
150,40.580473,-73.943629
151,40.797962,-73.968168
152,40.817975,-73.953782
153,40.875968,-73.910379
154,40.593571,-73.902597
155,40.614591,-73.915277
156,40.631308,-74.167235
157,40.723995,-73.902330
158,40.735035,-74.008984
159,40.818260,-73.912849
160,40.718337,-73.880051
161,40.758028,-73.977698
162,40.756688,-73.972356
163,40.764421,-73.977569
164,40.748575,-73.985156
165,40.620924,-73.956825
166,40.809457,-73.961764
167,40.827513,-73.902352
168,40.807347,-73.916822
169,40.849058,-73.905122
170,40.747746,-73.978492
171,40.768352,-73.809546
172,40.571769,-74.105019
173,40.752579,-73.863038
174,40.877138,-73.879022
175,40.742672,-73.754622
176,40.561994,-74.122584
177,40.676644,-73.913632
178,40.617315,-73.970326
179,40.771570,-73.928333
180,40.675595,-73.847043
181,40.670374,-73.981414
182,40.837749,-73.857987
183,40.849173,-73.831582
184,40.868276,-73.807857
185,40.854405,-73.854394
186,40.748497,-73.992438
187,40.628167,-74.140788
188,40.658744,-73.947442
189,40.677635,-73.967587
190,40.661622,-73.968914
191,40.715455,-73.741532
192,40.743751,-73.815229
193,40.760314,-73.941997
194,40.791001,-73.924596
195,40.675549,-74.009178
196,40.726156,-73.863339
197,40.694542,-73.830924
198,40.706527,-73.901709
199,40.791133,-73.882658
200,40.899529,-73.906987
201,40.577982,-73.843453
202,40.761900,-73.949952
203,40.657853,-73.739473
204,40.540334,-74.207826
205,40.691201,-73.763146
206,40.638972,-74.102312
207,40.763986,-73.899353
208,40.823319,-73.823540
209,40.709073,-74.003665
210,40.592023,-73.940507
211,40.723888,-74.001538
212,40.827902,-73.869680
213,40.817859,-73.858135
214,40.586787,-74.085512
215,40.694428,-73.790964
216,40.676154,-73.819460
217,40.703916,-73.958597
218,40.672090,-73.773036
219,40.662185,-73.764506
220,40.882403,-73.910665
221,40.618769,-74.073704
222,40.647527,-73.882413
223,40.777427,-73.905408
224,40.731821,-73.976598
225,40.688168,-73.931888
226,40.737699,-73.924673
227,40.641886,-74.004652
228,40.652355,-74.011271
229,40.756729,-73.965146
230,40.759818,-73.984196
231,40.717773,-74.007880
232,40.714733,-73.983025
233,40.749914,-73.970443
234,40.740337,-73.990458
235,40.852521,-73.915975
236,40.780436,-73.957012
237,40.768615,-73.965635
238,40.791705,-73.973049
239,40.783961,-73.978632
240,40.894599,-73.881978
241,40.876512,-73.895620
242,40.846783,-73.850671
243,40.857108,-73.932831
244,40.841709,-73.941399
245,40.630049,-74.102860
246,40.753309,-74.004015
247,40.828988,-73.924409
248,40.834165,-73.872289
249,40.734576,-74.002875
250,40.832102,-73.848641
251,40.616880,-74.125348
252,40.788193,-73.815657
253,40.760631,-73.841244
254,40.882157,-73.858948
255,40.718804,-73.957418
256,40.710880,-73.959905
257,40.653612,-73.977982
258,40.688721,-73.855767
259,40.897932,-73.852215
260,40.744235,-73.906306
261,40.709139,-74.013023
262,40.775932,-73.946510
263,40.778766,-73.951010